 -0.980602  -0.100582  -0.168237  1.135097  -0.169098  0.000028  0.985599  0.257587  -0.099129  0.994929  -0.017035  1.253218  0.000000  0.000000  0.000000  1.000000 
 -0.980602  -0.100582  -0.168237  1.135097  -0.169098  0.000028  0.985599  0.257587  -0.099129  0.994929  -0.017035  1.253218  0.000000  0.000000  0.000000  1.000000 
 -0.980602  -0.100582  -0.168237  1.135097  -0.169098  0.000028  0.985599  0.257587  -0.099129  0.994929  -0.017035  1.253218  0.000000  0.000000  0.000000  1.000000 
 -0.980602  -0.100582  -0.168237  1.135097  -0.169098  0.000028  0.985599  0.257587  -0.099129  0.994929  -0.017035  1.253218  0.000000  0.000000  0.000000  1.000000 
 -0.980602  -0.100582  -0.168237  1.135097  -0.169098  0.000028  0.985599  0.257587  -0.099129  0.994929  -0.017035  1.253218  0.000000  0.000000  0.000000  1.000000 
 -0.980602  -0.100582  -0.168237  1.135097  -0.169098  0.000028  0.985599  0.257587  -0.099129  0.994929  -0.017035  1.253218  0.000000  0.000000  0.000000  1.000000 
 -0.980602  -0.100582  -0.168237  1.135097  -0.169098  0.000028  0.985599  0.257587  -0.099129  0.994929  -0.017035  1.253218  0.000000  0.000000  0.000000  1.000000 
 -0.980602  -0.100582  -0.168237  1.135097  -0.169098  0.000028  0.985599  0.257587  -0.099129  0.994929  -0.017035  1.253218  0.000000  0.000000  0.000000  1.000000 
 -0.980602  -0.100582  -0.168237  1.135097  -0.169098  0.000028  0.985599  0.257587  -0.099129  0.994929  -0.017035  1.253218  0.000000  0.000000  0.000000  1.000000 
 -0.980602  -0.100582  -0.168237  1.135097  -0.169098  0.000028  0.985599  0.257587  -0.099129  0.994929  -0.017035  1.253218  0.000000  0.000000  0.000000  1.000000 
